add1:
  a: [1,2.00000,200001,2,-2]
  b: [1,2.00001,300002,1.003,2]
  result: [2,4.00001,500003,3.003,0]
minus1:
  a: [2,-3,5.098,0,9999999]
  b: [1,-1,1.008,-2,9]
  result: [1,-2,4.09,2,9999990]
mul1:
  a: [2,4,1.01,9999,-2]
  b: [2,0,1.01,9999,-4]
  result: [4,0,1.0201,99980001,8]
div1:
  a: [4,9999,3,-3,2.4]
  b: [4,99,1.5,2,1.2]
  result: [1,101,2,-1.5,2]